[gd_scene load_steps=8 format=3 uid="uid://b7atxuaof20fe"]

[ext_resource type="PackedScene" uid="uid://dvxedggvkby4l" path="res://scenes/block.tscn" id="1_k8bqx"]
[ext_resource type="PackedScene" uid="uid://dqr54dd08lhks" path="res://scenes/joe.tscn" id="2_76w2n"]
[ext_resource type="PackedScene" uid="uid://dde3hpdyxsg0n" path="res://scenes/dolls.tscn" id="3_aal3e"]
[ext_resource type="PackedScene" uid="uid://d2lr7ndyoi0x0" path="res://blender/plainWall.dae" id="4_rkueh"]

[sub_resource type="StandardMaterial3D" id="StandardMaterial3D_ptbd4"]
albedo_color = Color(0.121569, 0.176471, 0.101961, 1)

[sub_resource type="BoxMesh" id="BoxMesh_uo6qh"]
material = SubResource("StandardMaterial3D_ptbd4")
size = Vector3(50, 0.5, 50)

[sub_resource type="BoxShape3D" id="BoxShape3D_odway"]
size = Vector3(50, 0.5, 50)

[node name="level1" type="Node3D"]

[node name="floor" type="StaticBody3D" parent="."]
transform = Transform3D(1, 0, 0, 0, 1, 0, 0, 0, 1, -0.0123701, -0.259782, 0)
metadata/_edit_group_ = true

[node name="MeshInstance3D" type="MeshInstance3D" parent="floor"]
mesh = SubResource("BoxMesh_uo6qh")

[node name="CollisionShape3D" type="CollisionShape3D" parent="floor"]
shape = SubResource("BoxShape3D_odway")

[node name="DirectionalLight3D" type="DirectionalLight3D" parent="."]
transform = Transform3D(-0.737018, -0.527549, -0.422488, -0.543007, 0.0899886, 0.834893, -0.402428, 0.844745, -0.352786, -3.08914, 6.59591, 0)
shadow_enabled = true

[node name="blocks" type="Node3D" parent="."]

[node name="block1" parent="blocks" instance=ExtResource("1_k8bqx")]
transform = Transform3D(0.652204, -0.271918, 0.707595, 0, 0.933449, 0.35871, -0.758043, -0.233952, 0.608799, -1.77109, 6.50821, 0.787333)

[node name="block2" parent="blocks" instance=ExtResource("1_k8bqx")]
transform = Transform3D(-0.752541, 0.236227, -0.614718, 0, 0.933449, 0.35871, 0.658545, 0.269944, -0.702459, -1.77109, 3.54068, -2.86182)

[node name="block3" parent="blocks" instance=ExtResource("1_k8bqx")]
transform = Transform3D(0.652204, -0.271918, 0.707595, 0, 0.933449, 0.35871, -0.758043, -0.233952, 0.608799, -1.77109, 3.54068, 1.0475)

[node name="block4" parent="blocks" instance=ExtResource("1_k8bqx")]
transform = Transform3D(-0.849816, 0.00530222, 0.662506, 0.0166581, 1.69549, 0.0164966, -0.651376, 0.036442, -0.863913, -13.0958, -0.838818, -1.86502)

[node name="block5" parent="blocks" instance=ExtResource("1_k8bqx")]
transform = Transform3D(0.652204, -0.271918, 0.707595, 0, 0.933449, 0.35871, -0.758043, -0.233952, 0.608799, -1.77109, 3.54068, 5.8929)

[node name="joe" parent="." instance=ExtResource("2_76w2n")]
transform = Transform3D(1, 0, 0, 0, 1, 0, 0, 0, 1, 0.619872, 0.432967, 5.16175)

[node name="dolls" parent="." instance=ExtResource("3_aal3e")]
transform = Transform3D(1, 0, 0, 0, 1, 0, 0, 0, 1, -0.0241737, 1.07537, 10.1309)

[node name="walls" type="Node3D" parent="."]

[node name="plainWall1" parent="walls" instance=ExtResource("4_rkueh")]
transform = Transform3D(0.653651, 0, 0, 0, 0.565216, 0, 0, 0, 1, 6.17914, 0, -23.813)

[node name="plainWall2" parent="walls" instance=ExtResource("4_rkueh")]
transform = Transform3D(0.653651, 0, 0, 0, 0.565216, 0, 0, 0, 1, -5.9392, 0, -23.813)

[node name="plainWall3" parent="walls" instance=ExtResource("4_rkueh")]
transform = Transform3D(0.653651, 0, 0, 0, 0.565216, 0, 0, 0, 1, -18.1408, 0, -23.813)

[node name="plainWall4" parent="walls" instance=ExtResource("4_rkueh")]
transform = Transform3D(0.653651, 0, 0, 0, 0.565216, 0, 0, 0, 1, 18.443, 0, -23.813)

[node name="plainWall5" parent="walls" instance=ExtResource("4_rkueh")]
transform = Transform3D(-0.0149392, 0, 0.666152, 0, 0.551292, 0, -0.822857, 0, -0.0283067, -25.37, 0.120051, -8.81662)

[node name="plainWall6" parent="walls" instance=ExtResource("4_rkueh")]
transform = Transform3D(-0.0149392, 0, 0.666152, 0, 0.551292, 0, -0.822857, 0, -0.0283067, -25.1467, 0.120051, 1.15443)

[node name="plainWall7" parent="walls" instance=ExtResource("4_rkueh")]
transform = Transform3D(-0.0216651, 0, 0.671593, 0, 0.551292, 0, -1.19332, 0, -0.0285379, -24.9218, 0.120051, 11.194)

[node name="plainWall8" parent="walls" instance=ExtResource("4_rkueh")]
transform = Transform3D(-0.0149392, 0, 0.666152, 0, 0.551292, 0, -0.822857, 0, -0.0283067, -25.5959, 0.120051, -18.9074)

[node name="plainWall9" parent="walls" instance=ExtResource("4_rkueh")]
transform = Transform3D(-0.0153086, 0, 0.999728, 0, 0.565216, 0, -0.653472, 0, -0.0234202, 23.3464, 0, -5.24103)

[node name="plainWall10" parent="walls" instance=ExtResource("4_rkueh")]
transform = Transform3D(-0.0153086, 0, 0.999728, 0, 0.565216, 0, -0.653472, 0, -0.0234202, 23.6302, 0, 6.87398)

[node name="plainWall11" parent="walls" instance=ExtResource("4_rkueh")]
transform = Transform3D(-0.0153086, 0, 0.999728, 0, 0.565216, 0, -0.653472, 0, -0.0234202, 23.916, 0, 19.0723)

[node name="plainWall12" parent="walls" instance=ExtResource("4_rkueh")]
transform = Transform3D(-0.0153086, 0, 0.999728, 0, 0.565216, 0, -0.653472, 0, -0.0234202, 23.0592, 0, -17.5015)

[node name="plainWall13" parent="walls" instance=ExtResource("4_rkueh")]
transform = Transform3D(0.653651, 0, 0, 0, 0.565216, 0, 0, 0, 1, 6.17914, 0, 24.8723)

[node name="plainWall14" parent="walls" instance=ExtResource("4_rkueh")]
transform = Transform3D(0.653651, 0, 0, 0, 0.565216, 0, 0, 0, 1, -5.9392, 0, 24.8723)

[node name="plainWall15" parent="walls" instance=ExtResource("4_rkueh")]
transform = Transform3D(0.653651, 0, 0, 0, 0.565216, 0, 0, 0, 1, -18.1408, 0, 24.8723)

[node name="plainWall16" parent="walls" instance=ExtResource("4_rkueh")]
transform = Transform3D(0.653651, 0, 0, 0, 0.565216, 0, 0, 0, 1, 18.443, 0, 24.8723)

[node name="plainWall17" parent="walls" instance=ExtResource("4_rkueh")]
transform = Transform3D(-0.65306, 0, -0.0387183, 0, 0.319469, 0, 0.0253082, 0, -0.652746, 14.027, -0.203265, -13.8407)
